0 0.4884686443076997 0.8956952068076998 0.5032305744423002 0.8956952068076998 0.5032305744423002 0.9104571369423002 0.4884686443076997 0.9104571369423002
0 0.4749218704280792 0.8482128860530792 0.4957812545719208 0.8482128860530792 0.4957812545719208 0.8690722701969208 0.4749218704280792 0.8690722701969208
0 0.29092756841430717 0.8417088184143071 0.30184586908569283 0.8417088184143071 0.30184586908569283 0.8526271190856929 0.29092756841430717 0.8526271190856929
0 0.42855394810275893 0.8404191824777589 0.45035230189724107 0.8404191824777589 0.45035230189724107 0.8622175362722411 0.42855394810275893 0.8622175362722411
0 0.5634350816259075 0.8278393785009075 0.5864672621240925 0.8278393785009075 0.5864672621240925 0.8508715589990925 0.5634350816259075 0.8508715589990925
0 0.45212917656950163 0.8285940203195016 0.47999972968049837 0.8285940203195016 0.47999972968049837 0.8564645734304984 0.45212917656950163 0.8564645734304984
0 0.31565576837369097 0.825177252748691 0.32887548162630903 0.825177252748691 0.32887548162630903 0.838396966001309 0.31565576837369097 0.838396966001309
0 0.47549745064876325 0.8175384662737633 0.5025298931012367 0.8175384662737633 0.5025298931012367 0.8445709087262367 0.47549745064876325 0.8445709087262367
0 0.5825769674411752 0.8145105611911752 0.6063878763088248 0.8145105611911752 0.6063878763088248 0.8383214700588248 0.5825769674411752 0.8383214700588248
0 0.6039649060507964 0.8090430310507964 0.6284569689492036 0.8090430310507964 0.6284569689492036 0.8335350939492036 0.6039649060507964 0.8335350939492036
0 0.39791021855079645 0.8075781873007964 0.42240228144920355 0.8075781873007964 0.42240228144920355 0.8320702501992036 0.39791021855079645 0.8320702501992036
0 0.5210908966789557 0.8062471466789557 0.5511747283210443 0.8062471466789557 0.5511747283210443 0.8363309783210443 0.5210908966789557 0.8363309783210443
0 0.49715606290302106 0.8055056722780211 0.5213986245969789 0.8055056722780211 0.5213986245969789 0.8297482339719789 0.49715606290302106 0.8297482339719789
0 0.4451400995642056 0.8020736933142055 0.4733169316857944 0.8020736933142055 0.4733169316857944 0.8302505254357945 0.4451400995642056 0.8302505254357945
0 0.42243516124802105 0.799144145623021 0.44475233875197895 0.799144145623021 0.44475233875197895 0.821461323126979 0.42243516124802105 0.821461323126979
0 0.4713580891738874 0.7926471516738873 0.4983684733261126 0.7926471516738873 0.4983684733261126 0.8196575358261127 0.4713580891738874 0.8196575358261127
0 0.5375173539724984 0.7858083695974984 0.5620920210275016 0.7858083695974984 0.5620920210275016 0.8103830366525016 0.5375173539724984 0.8103830366525016
0 0.590576171875 0.78173828125 0.615478515625 0.78173828125 0.615478515625 0.806640625 0.590576171875 0.806640625
0 0.50871834814219 0.78020272314219 0.53913321435781 0.78020272314219 0.53913321435781 0.81061758935781 0.50871834814219 0.81061758935781
0 0.4000429054451291 0.7784608741951291 0.4266172508048709 0.7784608741951291 0.4266172508048709 0.8050352195548709 0.4000429054451291 0.8050352195548709
0 0.43841910971268927 0.7767980159626893 0.46441292153731073 0.7767980159626893 0.46441292153731073 0.8027918277873107 0.43841910971268927 0.8027918277873107
0 0.4223371566057484 0.7638898909807484 0.4428972183942516 0.7638898909807484 0.4428972183942516 0.7844499527692516 0.4223371566057484 0.7844499527692516
0 0.343914476373415 0.766521898248415 0.370929273626585 0.766521898248415 0.370929273626585 0.793536695501585 0.343914476373415 0.793536695501585
0 0.46529591174738194 0.7646123179973819 0.49173533825261806 0.7646123179973819 0.49173533825261806 0.7910517445026181 0.46529591174738194 0.7910517445026181
0 0.4924227657169756 0.7626864375919755 0.5192959842830245 0.7626864375919755 0.5192959842830245 0.7895596561580245 0.4924227657169756 0.7895596561580245
0 0.5263230583908312 0.7589890740158312 0.5547316291091688 0.7589890740158312 0.5547316291091688 0.7873976447341688 0.5263230583908312 0.7873976447341688
0 0.601307975110997 0.758778678235997 0.624277962389003 0.758778678235997 0.624277962389003 0.781748665514003 0.601307975110997 0.781748665514003
0 0.38261684959314607 0.7544430214681461 0.41084018165685393 0.7544430214681461 0.41084018165685393 0.7826663535318539 0.38261684959314607 0.7826663535318539
0 0.5797941908659356 0.7519133314909356 0.6037995591340644 0.7519133314909356 0.6037995591340644 0.7759186997590644 0.5797941908659356 0.7759186997590644
0 0.44344100794433716 0.7491050704443372 0.46964492955566284 0.7491050704443372 0.46964492955566284 0.7753089920556628 0.44344100794433716 0.7753089920556628
0 0.4106131991844481 0.748992105434448 0.4277657070655519 0.748992105434448 0.4277657070655519 0.766144613315552 0.4106131991844481 0.766144613315552
0 0.690448692653703 0.745624473903703 0.712383338596297 0.745624473903703 0.712383338596297 0.767559119846297 0.690448692653703 0.767559119846297
0 0.360370567653703 0.745136192653703 0.382305213596297 0.745136192653703 0.382305213596297 0.767070838596297 0.360370567653703 0.767070838596297
0 0.7161583318779435 0.7444786443779435 0.7325721368720565 0.7444786443779435 0.7325721368720565 0.7608924493720565 0.7161583318779435 0.7608924493720565
0 0.5487454732879936 0.7433255514129936 0.5747896829620064 0.7433255514129936 0.5747896829620064 0.7693697610870064 0.5487454732879936 0.7693697610870064
0 0.48370611980441747 0.7359033854294175 0.5089696614455825 0.7359033854294175 0.5089696614455825 0.7611669270705825 0.48370611980441747 0.7611669270705825
0 0.5080486381643876 0.7358318412893876 0.5378497993356124 0.7358318412893876 0.5378497993356124 0.7656330024606124 0.5080486381643876 0.7656330024606124
0 0.3400445732440659 0.7314019951190659 0.3621038642559341 0.7314019951190659 0.3621038642559341 0.7534612861309341 0.3400445732440659 0.7534612861309341
0 0.5812649848634801 0.7282376411134801 0.5989107963865199 0.7282376411134801 0.5989107963865199 0.7458834526365199 0.5812649848634801 0.7458834526365199
0 0.4179812782743406 0.7273074501493406 0.4369991904756594 0.7273074501493406 0.4369991904756594 0.7463253623506594 0.4179812782743406 0.7463253623506594
0 0.37789218280233855 0.7279898390523386 0.40335781719766145 0.7279898390523386 0.40335781719766145 0.7534554734476614 0.37789218280233855 0.7534554734476614
0 0.46037343463353336 0.7264867158835333 0.48640390911646664 0.7264867158835333 0.48640390911646664 0.7525171903664667 0.46037343463353336 0.7525171903664667
0 0.6682569153251161 0.7258741028251161 0.6925829284248839 0.7258741028251161 0.6925829284248839 0.7502001159248839 0.6682569153251161 0.7502001159248839
0 0.5349945396942486 0.7242035240692486 0.5602203040557514 0.7242035240692486 0.5602203040557514 0.7494292884307514 0.5349945396942486 0.7494292884307514
0 0.4388250673611377 0.7237371767361377 0.4615655576388623 0.7237371767361377 0.4615655576388623 0.7464776670138623 0.4388250673611377 0.7464776670138623
0 0.3618423416975593 0.7236587479475594 0.3779037520524407 0.7236587479475594 0.3779037520524407 0.7397201583024406 0.3618423416975593 0.7397201583024406
0 0.6133292130899604 0.7229483537149604 0.6381356306600396 0.7229483537149604 0.6381356306600396 0.7477547712850396 0.6133292130899604 0.7477547712850396
0 0.4997528080938757 0.7177703862188757 0.5192901606561243 0.7177703862188757 0.5192901606561243 0.7373077387811243 0.4997528080938757 0.7373077387811243
0 0.5593007680949164 0.7155507680949164 0.5827890756550836 0.7155507680949164 0.5827890756550836 0.7390390756550836 0.5593007680949164 0.7390390756550836
0 0.4751275884669434 0.7068170415919435 0.4989935052830566 0.7068170415919435 0.4989935052830566 0.7306829584080565 0.4751275884669434 0.7306829584080565
0 0.40042183433080275 0.7073065999558028 0.42330863441919725 0.7073065999558028 0.42330863441919725 0.7301934000441972 0.40042183433080275 0.7301934000441972
0 0.5924729034541443 0.7045334503291443 0.6189528777958557 0.7045334503291443 0.6189528777958557 0.7310134246708557 0.5924729034541443 0.7310134246708557
0 0.37398195662590744 0.7013745347509075 0.39701413712409256 0.7013745347509075 0.39701413712409256 0.7244067152490925 0.37398195662590744 0.7244067152490925
0 0.42888594246802514 0.6996378955930251 0.45050858878197486 0.6996378955930251 0.45050858878197486 0.7212605419069749 0.42888594246802514 0.7212605419069749
0 0.5398433414035966 0.6973140445285966 0.5631840023464034 0.6973140445285966 0.5631840023464034 0.7206547054714034 0.5398433414035966 0.7206547054714034
0 0.6124932055889607 0.6937920337139607 0.6296942944110393 0.6937920337139607 0.6296942944110393 0.7109931225360393 0.6124932055889607 0.7109931225360393
0 0.45208874221160256 0.6952528047116026 0.47711047653839744 0.6952528047116026 0.47711047653839744 0.7202745390383974 0.45208874221160256 0.7202745390383974
0 0.34387509222523016 0.6951934516002302 0.36852725152476984 0.6951934516002302 0.36852725152476984 0.7198456108997698 0.34387509222523016 0.7198456108997698
0 0.5718564478114646 0.6946591821864646 0.5951357396885354 0.6946591821864646 0.5951357396885354 0.7179384740635354 0.5718564478114646 0.7179384740635354
0 0.47488930751180886 0.6836295418868088 0.49483725498819114 0.6836295418868088 0.49483725498819114 0.7035774893631912 0.47488930751180886 0.7035774893631912
0 0.49212766427601395 0.688660867401014 0.520079366973986 0.688660867401014 0.520079366973986 0.716612570098986 0.49212766427601395 0.716612570098986
0 0.4093587364976641 0.6867024864976641 0.4304850135023359 0.6867024864976641 0.4304850135023359 0.7078287635023359 0.4093587364976641 0.7078287635023359
0 0.5355872838043829 0.6786536900543829 0.5523033411956171 0.6786536900543829 0.5523033411956171 0.6953697474456171 0.5355872838043829 0.6953697474456171
0 0.44050156749802105 0.678050395623021 0.46281874500197895 0.678050395623021 0.46281874500197895 0.700367573126979 0.44050156749802105 0.700367573126979
0 0.5524316817513584 0.6776758223763584 0.5779394119986416 0.6776758223763584 0.5779394119986416 0.7031835526236416 0.5524316817513584 0.7031835526236416
0 0.5133558424851806 0.6754652174851806 0.5349840012648194 0.6754652174851806 0.5349840012648194 0.6970933762648194 0.5133558424851806 0.6970933762648194
0 0.6603064673698852 0.6742224829948852 0.6756310326301148 0.6742224829948852 0.6756310326301148 0.6895470482551148 0.6603064673698852 0.6895470482551148
0 0.37384484883487035 0.6736495363348703 0.40105749491512965 0.6736495363348703 0.40105749491512965 0.7008621824151297 0.37384484883487035 0.7008621824151297
0 0.35370564545449706 0.672797442329497 0.37578654204550294 0.672797442329497 0.37578654204550294 0.694878338920503 0.35370564545449706 0.694878338920503
0 0.3236512302744262 0.6722840427744262 0.3545714259755738 0.6722840427744262 0.3545714259755738 0.7032042384755738 0.3236512302744262 0.7032042384755738
0 0.6137584396750267 0.6703990646750267 0.6352649978249733 0.6703990646750267 0.6352649978249733 0.6919056228249733 0.6137584396750267 0.6919056228249733
0 0.6387546230395255 0.6697604824145255 0.6581203769604745 0.6697604824145255 0.6581203769604745 0.6891262363354745 0.6387546230395255 0.6891262363354745
0 0.5785655022107713 0.6701182365857713 0.6035634040392287 0.6701182365857713 0.6035634040392287 0.6951161384142287 0.5785655022107713 0.6951161384142287
0 0.488712283804383 0.6630286900543829 0.5054283411956171 0.6630286900543829 0.5054283411956171 0.6797447474456171 0.488712283804383 0.6797447474456171
0 0.44460628628858334 0.6594500362885833 0.45822574496141666 0.6594500362885833 0.45822574496141666 0.6730694949614167 0.44460628628858334 0.6730694949614167
0 0.6692885456343856 0.6585463581343856 0.6842270793656144 0.6585463581343856 0.6842270793656144 0.6734848918656144 0.6692885456343856 0.6734848918656144
0 0.5367112330400969 0.6538987330400969 0.5624098607099031 0.6538987330400969 0.5624098607099031 0.6795973607099031 0.5367112330400969 0.6795973607099031
0 0.4264436928822787 0.6574007241322787 0.4426969321177213 0.6574007241322787 0.4426969321177213 0.6736539633677213 0.4264436928822787 0.6736539633677213
0 0.5158198496845658 0.6552241465595658 0.5364262440654342 0.6552241465595658 0.5364262440654342 0.6758305409404342 0.5158198496845658 0.6758305409404342
0 0.5933168923097792 0.6509340798097792 0.6181088889402208 0.6509340798097792 0.6181088889402208 0.6757260764402208 0.5933168923097792 0.6757260764402208
0 0.5634058296768001 0.6561792671768001 0.5845433890731999 0.6561792671768001 0.5845433890731999 0.6773168265731999 0.5634058296768001 0.6773168265731999
0 0.4008689454733992 0.6555076173483992 0.4248146482766008 0.6555076173483992 0.4248146482766008 0.6794533201516008 0.4008689454733992 0.6794533201516008
0 0.46131746457458095 0.6556534020745809 0.48838956667541905 0.6556534020745809 0.48838956667541905 0.6827255041754191 0.46131746457458095 0.6827255041754191
0 0.6872203948447635 0.6508434417197635 0.7141467926552365 0.6508434417197635 0.7141467926552365 0.6777698395302365 0.6872203948447635 0.6777698395302365
0 0.33979454771861506 0.6496090008436151 0.36528357728138494 0.6496090008436151 0.36528357728138494 0.6750980304063849 0.33979454771861506 0.6750980304063849
0 0.717306879114802 0.647238519739802 0.739236089635198 0.647238519739802 0.739236089635198 0.669167730260198 0.717306879114802 0.669167730260198
0 0.6487499954280792 0.6436230423030792 0.6696093795719208 0.6436230423030792 0.6696093795719208 0.6644824264469208 0.6487499954280792 0.6644824264469208
0 0.6198121635484364 0.6439820854234364 0.6443479927015636 0.6439820854234364 0.6443479927015636 0.6685179145765636 0.6198121635484364 0.6685179145765636
0 0.5308774147391405 0.6387875709891405 0.5472475852608595 0.6387875709891405 0.5472475852608595 0.6551577415108595 0.5308774147391405 0.6551577415108595
0 0.4796865058079588 0.6359365058079588 0.5012705254420412 0.6359365058079588 0.5012705254420412 0.6575205254420412 0.4796865058079588 0.6575205254420412
0 0.36369396510047536 0.6376197463504754 0.39216540989952464 0.6376197463504754 0.39216540989952464 0.6660911911495246 0.36369396510047536 0.6660911911495246
0 0.6053320115015369 0.6329199021265369 0.6246484572484631 0.6329199021265369 0.6246484572484631 0.6522363478734631 0.6053320115015369 0.6522363478734631
0 0.7405465430786143 0.6326363868286143 0.7623831444213857 0.6326363868286143 0.7623831444213857 0.6544729881713857 0.7405465430786143 0.6544729881713857
0 0.6723242810507964 0.6313086560507964 0.6968163439492036 0.6313086560507964 0.6968163439492036 0.6558007189492036 0.6723242810507964 0.6558007189492036
0 0.4335069972999689 0.6297960597999689 0.4507703464500311 0.6297960597999689 0.4507703464500311 0.6470594089500311 0.4335069972999689 0.6470594089500311
0 0.451187708437342 0.630142786562342 0.477523229062658 0.630142786562342 0.477523229062658 0.656478307187658 0.451187708437342 0.656478307187658
0 0.545914270937342 0.629166224062342 0.572249791562658 0.629166224062342 0.572249791562658 0.655501744687658 0.545914270937342 0.655501744687658
0 0.7244188239345358 0.6262742926845358 0.7399366448154642 0.6262742926845358 0.7399366448154642 0.6417921135654642 0.7244188239345358 0.6417921135654642
0 0.6987927581121377 0.6262829924871377 0.7255236481378623 0.6262829924871377 0.7255236481378623 0.6530138825128623 0.6987927581121377 0.6530138825128623
0 0.30386115486988513 0.6258826392448852 0.31918572013011487 0.6258826392448852 0.31918572013011487 0.6412072045051148 0.30386115486988513 0.6412072045051148
0 0.6463603774216604 0.6202373305466604 0.6695575913283396 0.6202373305466604 0.6695575913283396 0.6434345444533396 0.6463603774216604 0.6434345444533396
0 0.40421657272249845 0.6251638383474984 0.42879123977750155 0.6251638383474984 0.42879123977750155 0.6497385054025016 0.40421657272249845 0.6497385054025016
0 0.33951373820657443 0.6239375663315745 0.36458782429342557 0.6239375663315745 0.36458782429342557 0.6490116524184255 0.33951373820657443 0.6490116524184255
0 0.5830761673030792 0.6189648391780792 0.6039355514469208 0.6189648391780792 0.6039355514469208 0.6398242233219208 0.5830761673030792 0.6398242233219208
0 0.4528108803822787 0.6163850991322787 0.4690641196177213 0.6163850991322787 0.4690641196177213 0.6326383383677213 0.4528108803822787 0.6326383383677213
0 0.754279597626137 0.617072566376137 0.773064152373863 0.617072566376137 0.773064152373863 0.635857121123863 0.754279597626137 0.635857121123863
0 0.6690501317111395 0.6168040379611395 0.6820240870388605 0.6168040379611395 0.6820240870388605 0.6297779932888605 0.6690501317111395 0.6297779932888605
0 0.5279007455705556 0.6157913705705556 0.5477828481794444 0.6157913705705556 0.5477828481794444 0.6356734731794444 0.5279007455705556 0.6356734731794444
0 0.6187863984229562 0.6146360077979562 0.6448854765770438 0.6146360077979562 0.6448854765770438 0.6407350859520438 0.6187863984229562 0.6407350859520438
0 0.49828180604865613 0.6147368841736561 0.5241791314513439 0.6147368841736561 0.5241791314513439 0.6406342095763439 0.49828180604865613 0.6406342095763439
0 0.47130384343358916 0.6124171246835891 0.49451646906641084 0.6124171246835891 0.49451646906641084 0.6356297503164109 0.47130384343358916 0.6356297503164109
0 0.2777766589145663 0.6102961901645664 0.3047428723354337 0.6102961901645664 0.3047428723354337 0.6372624035854336 0.2777766589145663 0.6372624035854336
0 0.8695958403886987 0.6081212310136987 0.8984705658613013 0.6081212310136987 0.8984705658613013 0.6369959564863013 0.8695958403886987 0.6369959564863013
0 0.4228488501612042 0.6083957251612042 0.4448269310887958 0.6083957251612042 0.4448269310887958 0.6303738060887958 0.4228488501612042 0.6303738060887958
0 0.5483311272205841 0.6039951897205841 0.5756923102794159 0.6039951897205841 0.5756923102794159 0.6313563727794159 0.5483311272205841 0.6313563727794159
0 0.6860136330327687 0.6059355080327687 0.7109590232172313 0.6059355080327687 0.7109590232172313 0.6308808982172313 0.6860136330327687 0.6308808982172313
0 0.3168185330220965 0.6027072048970965 0.3365017794779035 0.6027072048970965 0.3365017794779035 0.6223904513529035 0.3168185330220965 0.6223904513529035
0 0.39805191950388485 0.6033741851288849 0.41884261174611515 0.6033741851288849 0.41884261174611515 0.6241648773711151 0.39805191950388485 0.6241648773711151
0 0.6406991812378072 0.6009042593628072 0.6591055062621928 0.6009042593628072 0.6591055062621928 0.6193105843871928 0.6406991812378072 0.6193105843871928
0 0.6005644142827687 0.6015409767827687 0.6255098044672313 0.6015409767827687 0.6255098044672313 0.6264863669672313 0.6005644142827687 0.6264863669672313
0 0.14024542642239168 0.6002063639223917 0.16590691732760832 0.6002063639223917 0.16590691732760832 0.6258678548276083 0.14024542642239168 0.6258678548276083
0 0.23734047938680883 0.5989127450118088 0.25728842686319114 0.5989127450118088 0.25728842686319114 0.6188606924881912 0.23734047938680883 0.6188606924881912
0 0.19726302805318052 0.5976536530531805 0.22021744069681948 0.5976536530531805 0.22021744069681948 0.6206080656968195 0.19726302805318052 0.6206080656968195
0 0.7358952394512122 0.5950260988262122 0.7616633542987878 0.5950260988262122 0.7616633542987878 0.6207942136737878 0.7358952394512122 0.6207942136737878
0 0.5160899298444174 0.5951914923444174 0.5390858514055826 0.5951914923444174 0.5390858514055826 0.6181874139055826 0.5160899298444174 0.6181874139055826
0 0.43851558747204067 0.5933007437220407 0.46138675627795933 0.5933007437220407 0.46138675627795933 0.6161719125279593 0.43851558747204067 0.6161719125279593
0 0.3373347349387971 0.5936823911887971 0.3594426088112029 0.5936823911887971 0.3594426088112029 0.6157902650612029 0.3373347349387971 0.6157902650612029
0 0.8503501230776462 0.5927817637026462 0.8718178456723538 0.5927817637026462 0.8718178456723538 0.6142494862973538 0.8503501230776462 0.6142494862973538
0 0.48506918402106575 0.5932234808960658 0.5100480034789342 0.5932234808960658 0.5100480034789342 0.6182023003539342 0.48506918402106575 0.6182023003539342
0 0.65974239076598 0.59187129701598 0.68449589048402 0.59187129701598 0.68449589048402 0.61662479673402 0.65974239076598 0.61662479673402
0 0.2918706984878841 0.586304292237884 0.3175043015121159 0.586304292237884 0.3175043015121159 0.611937895262116 0.2918706984878841 0.611937895262116
0 0.8281640249720407 0.5893944937220407 0.8510351937779593 0.5893944937220407 0.8510351937779593 0.6122656625279593 0.8281640249720407 0.6122656625279593
0 0.890035692600085 0.588766161350085 0.919046338649915 0.588766161350085 0.919046338649915 0.617776807399915 0.890035692600085 0.617776807399915
0 0.2689753599387971 0.5887995786887971 0.2910832338112029 0.5887995786887971 0.2910832338112029 0.6109074525612029 0.2689753599387971 0.6109074525612029
0 0.578512252770632 0.582174362145632 0.593362747229368 0.582174362145632 0.593362747229368 0.597024856604368 0.578512252770632 0.597024856604368
0 0.8073669452655324 0.5837341327655324 0.8269103984844676 0.5837341327655324 0.8269103984844676 0.6032775859844676 0.8073669452655324 0.6032775859844676
0 0.7062665780440058 0.5834638436690058 0.7229326407059942 0.5834638436690058 0.7229326407059942 0.6001299063309942 0.7062665780440058 0.6001299063309942
0 0.3624436262412907 0.5770432356162907 0.3880446550087093 0.5770432356162907 0.3880446550087093 0.6026442643837093 0.3624436262412907 0.6026442643837093
0 0.5537087182231689 0.5790993432231689 0.5805686255268311 0.5790993432231689 0.5805686255268311 0.6059592505268311 0.5537087182231689 0.6059592505268311
0 0.3181288061258573 0.5783827123758573 0.3400743188741427 0.5783827123758573 0.3400743188741427 0.6003282251241427 0.3181288061258573 0.6003282251241427
0 0.78376582826598 0.57917598451598 0.80851932798402 0.57917598451598 0.80851932798402 0.60392948423402 0.78376582826598 0.60392948423402
0 0.5951724644720555 0.5771060582220555 0.6177181605279445 0.5771060582220555 0.6177181605279445 0.5996517542779445 0.5951724644720555 0.5996517542779445
0 0.7553320935507964 0.5761328748007964 0.7798241564492036 0.5761328748007964 0.7798241564492036 0.6006249376992036 0.7553320935507964 0.6006249376992036
0 0.1490159205400969 0.5728440455400969 0.1747145482099031 0.5728440455400969 0.1747145482099031 0.5985426732099031 0.1490159205400969 0.5985426732099031
0 0.6765114922217379 0.5717751640967379 0.7038596015282621 0.5717751640967379 0.7038596015282621 0.5991232734032621 0.6765114922217379 0.5991232734032621
0 0.7243179942614757 0.5700211192614757 0.7483382557385243 0.5700211192614757 0.7483382557385243 0.5940413807385243 0.7243179942614757 0.5940413807385243
0 0.3883932321722789 0.5690572946722788 0.4143411428277211 0.5690572946722788 0.4143411428277211 0.5950052053277212 0.3883932321722789 0.5950052053277212
0 0.4125300474387971 0.5687800474387971 0.4346379213112029 0.5687800474387971 0.4346379213112029 0.5908879213112029 0.4125300474387971 0.5908879213112029
0 0.8434319450583406 0.5646233513083406 0.8709235236916594 0.5646233513083406 0.8709235236916594 0.5921149299416594 0.8434319450583406 0.5921149299416594
0 0.8177617204534868 0.5650761735784868 0.8423945295465132 0.5650761735784868 0.8423945295465132 0.5897089826715132 0.8177617204534868 0.5897089826715132
0 0.8703267822717238 0.5610006103967238 0.8996927489782762 0.5610006103967238 0.8996927489782762 0.5903665771032762 0.8703267822717238 0.5903665771032762
0 0.30540673471013235 0.5649282190851324 0.32349951528986765 0.5649282190851324 0.32349951528986765 0.5830209996648676 0.30540673471013235 0.5830209996648676
0 0.5269238235530792 0.5637890579280792 0.5477832076969208 0.5637890579280792 0.5477832076969208 0.5846484420719208 0.5269238235530792 0.5846484420719208
0 0.7744378305317303 0.5627679086567303 0.7919684194682697 0.5627679086567303 0.7919684194682697 0.5802984975932697 0.7744378305317303 0.5802984975932697
0 0.36219483362324806 0.5606811617482481 0.37803954137675194 0.5606811617482481 0.37803954137675194 0.5765258695017519 0.36219483362324806 0.5765258695017519
0 0.7635407215351856 0.5604157215351856 0.7750334972148144 0.5604157215351856 0.7750334972148144 0.5719084972148144 0.7635407215351856 0.5719084972148144
0 0.6452964084731803 0.5566733615981803 0.6725746852768197 0.5566733615981803 0.6725746852768197 0.5839516384018197 0.6452964084731803 0.5839516384018197
0 0.1685471705400969 0.5577073267900969 0.1942457982099031 0.5577073267900969 0.1942457982099031 0.5834059544599031 0.1685471705400969 0.5834059544599031
0 0.4985765956249192 0.5574144862499192 0.5273023106250808 0.5574144862499192 0.5273023106250808 0.5861402012500808 0.4985765956249192 0.5861402012500808
0 0.7992908876649159 0.5585682314149159 0.8203380185850841 0.5585682314149159 0.8203380185850841 0.5796153623350841 0.7992908876649159 0.5796153623350841
0 0.7424042133202482 0.5575897601952482 0.7619903179297518 0.5575897601952482 0.7619903179297518 0.5771758648047518 0.7424042133202482 0.5771758648047518
0 0.6998852359510281 0.5573071109510281 0.7234546077989719 0.5573071109510281 0.7234546077989719 0.5808764827989719 0.6998852359510281 0.5808764827989719
0 0.19099417171491986 0.5572051092149198 0.20890817203508014 0.5572051092149198 0.20890817203508014 0.5751191095350802 0.19099417171491986 0.5751191095350802
0 0.592789270937342 0.550064661562342 0.619124791562658 0.550064661562342 0.619124791562658 0.576400182187658 0.592789270937342 0.576400182187658
0 0.38477848341747545 0.5498175459174754 0.40330745408252455 0.5498175459174754 0.40330745408252455 0.5683465165825246 0.38477848341747545 0.5683465165825246
0 0.32954836287590744 0.5475659410009075 0.35258054337409256 0.5475659410009075 0.35258054337409256 0.5705981214990925 0.32954836287590744 0.5705981214990925
0 0.8279371414666706 0.5464430008416706 0.8522386397833294 0.5464430008416706 0.8522386397833294 0.5707444991583294 0.8279371414666706 0.5707444991583294
0 0.5662822921527003 0.5460186202777003 0.5899677078472997 0.5460186202777003 0.5899677078472997 0.5697040359722997 0.5662822921527003 0.5697040359722997
0 0.37052464596650564 0.5463058959665057 0.38240504153349436 0.5463058959665057 0.38240504153349436 0.5581862915334943 0.37052464596650564 0.5581862915334943
0 0.6710466924829788 0.5448259893579788 0.6966290887670212 0.5448259893579788 0.6966290887670212 0.5704083856420212 0.6710466924829788 0.5704083856420212
0 0.5445023080705556 0.5435257455705556 0.5643844106794444 0.5435257455705556 0.5643844106794444 0.5634078481794444 0.5445023080705556 0.5634078481794444
0 0.4092777816792101 0.54379926605421 0.4310542495707899 0.54379926605421 0.4310542495707899 0.56557573394579 0.4092777816792101 0.56557573394579
0 0.7674089021984498 0.5437760896984498 0.7848371915515502 0.5437760896984498 0.7848371915515502 0.5612043790515502 0.7674089021984498 0.5612043790515502
0 0.884538143243902 0.541764705743902 0.905989200506098 0.541764705743902 0.905989200506098 0.563215763006098 0.884538143243902 0.563215763006098
0 0.7182687632224743 0.5412668100974743 0.7436452992775257 0.5412668100974743 0.7436452992775257 0.5666433461525257 0.7182687632224743 0.5666433461525257
0 0.5126714545199061 0.5329351263949061 0.5351801079800939 0.5329351263949061 0.5351801079800939 0.5554437798550939 0.5126714545199061 0.5554437798550939
0 0.648782333309778 0.536721786434778 0.667623916690222 0.536721786434778 0.667623916690222 0.555563369815222 0.648782333309778 0.555563369815222
0 0.6236209066530211 0.5369509847780211 0.6478634683469789 0.5369509847780211 0.6478634683469789 0.5611935464719789 0.6236209066530211 0.5611935464719789
0 0.17862828578799356 0.5343411764129936 0.20467249546200644 0.5343411764129936 0.20467249546200644 0.5603853860870064 0.17862828578799356 0.5603853860870064
0 0.8458079442111395 0.5347727879611395 0.8587818995388605 0.5347727879611395 0.8587818995388605 0.5477467432888605 0.8458079442111395 0.5477467432888605
0 0.799560546875 0.533203125 0.824462890625 0.533203125 0.824462890625 0.55810546875 0.799560546875 0.55810546875
0 0.6938758576454367 0.5322547638954367 0.7192100798545633 0.5322547638954367 0.7192100798545633 0.5575889861045633 0.6938758576454367 0.5575889861045633
0 0.4300845833765158 0.5306705208765158 0.4537044791234842 0.5306705208765158 0.4537044791234842 0.5542904166234842 0.4300845833765158 0.5542904166234842
0 0.856832567600085 0.529195848850085 0.885843213649915 0.529195848850085 0.885843213649915 0.558206494899915 0.856832567600085 0.558206494899915
0 0.8266338011155862 0.5275615354905862 0.8447529176344138 0.5275615354905862 0.8447529176344138 0.5456806520094138 0.8266338011155862 0.5456806520094138
0 0.2164727695816715 0.5262872227066715 0.2351873866683285 0.5262872227066715 0.2351873866683285 0.5450018397933285 0.2164727695816715 0.5450018397933285
0 0.39069955111445714 0.5249768948644572 0.41301138638554286 0.5249768948644572 0.41301138638554286 0.5472887301355428 0.39069955111445714 0.5472887301355428
0 0.7509659527019323 0.5253800152019323 0.7734481097980677 0.5253800152019323 0.7734481097980677 0.5478621722980677 0.7509659527019323 0.5478621722980677
0 0.48325282163996724 0.5247567278899673 0.5079581158600327 0.5247567278899673 0.5079581158600327 0.5494620221100327 0.48325282163996724 0.5494620221100327
0 0.7767957734616026 0.5238660859616026 0.8018175077883974 0.5238660859616026 0.8018175077883974 0.5488878202883974 0.7767957734616026 0.5488878202883974
0 0.601578333437342 0.524185755312342 0.627913854062658 0.524185755312342 0.627913854062658 0.550521275937658 0.601578333437342 0.550521275937658
0 0.3121550101649124 0.5226042289149124 0.3353059273350876 0.5226042289149124 0.3353059273350876 0.5457551460850876 0.3121550101649124 0.5457551460850876
0 0.33661433170768923 0.5209405035826893 0.35918644954231077 0.5209405035826893 0.35918644954231077 0.5435126214173107 0.33661433170768923 0.5435126214173107
0 0.45796719279414816 0.5214437552941481 0.48148593220585184 0.5214437552941481 0.48148593220585184 0.5449624947058519 0.45796719279414816 0.5449624947058519
0 0.6586885677892546 0.5180635677892546 0.6796903384607454 0.5180635677892546 0.6796903384607454 0.5390653384607454 0.6586885677892546 0.5390653384607454
0 0.7092399681110008 0.5156364524860008 0.7248420631389992 0.5156364524860008 0.7248420631389992 0.5312385475139992 0.7092399681110008 0.5312385475139992
0 0.19423684520631304 0.510643095206313 0.22080221729368696 0.510643095206313 0.22080221729368696 0.537208467293687 0.19423684520631304 0.537208467293687
0 0.5803662903251161 0.5134717590751161 0.6046923034248839 0.5134717590751161 0.6046923034248839 0.5377977721748839 0.5803662903251161 0.5377977721748839
0 0.6339231171729562 0.5125852265479562 0.6600221953270438 0.5125852265479562 0.6600221953270438 0.5386843047020438 0.6339231171729562 0.5386843047020438
0 0.7268985258797458 0.5118106352547458 0.7521053803702542 0.5118106352547458 0.7521053803702542 0.5370174897452542 0.7268985258797458 0.5370174897452542
0 0.411310805369864 0.512140883494864 0.433904038380136 0.512140883494864 0.433904038380136 0.534734116505136 0.411310805369864 0.534734116505136
0 0.68073848451598 0.51032832826598 0.70549198423402 0.51032832826598 0.70549198423402 0.53508182798402 0.68073848451598 0.53508182798402
0 0.8412534341970984 0.5084897623220984 0.8672426595529016 0.5084897623220984 0.8672426595529016 0.5344789876779016 0.8412534341970984 0.5344789876779016
0 0.8044673585357679 0.5068599366607679 0.8317631102142321 0.5068599366607679 0.8317631102142321 0.5341556883392321 0.8044673585357679 0.5341556883392321
0 0.49987333657264355 0.5037795865726435 0.5225876009273565 0.5037795865726435 0.5225876009273565 0.5264938509273565 0.49987333657264355 0.5264938509273565
0 0.6138819684335891 0.5030421246835891 0.6370945940664109 0.5030421246835891 0.6370945940664109 0.5262547503164109 0.6138819684335891 0.5262547503164109
0 0.3683556840060275 0.5033654496310275 0.3967810347439725 0.5033654496310275 0.3967810347439725 0.5317908003689725 0.3683556840060275 0.5317908003689725
0 0.47353692685797877 0.5025896612329788 0.49911932314202123 0.5025896612329788 0.49911932314202123 0.5281720575170212 0.47353692685797877 0.5281720575170212
0 0.6522761411887971 0.4945612974387971 0.6743840150612029 0.4945612974387971 0.6743840150612029 0.5166691713112029 0.6522761411887971 0.5166691713112029
0 0.5604029843125428 0.4979029843125428 0.5870579531874572 0.4979029843125428 0.5870579531874572 0.5245579531874572 0.5604029843125428 0.5245579531874572
0 0.8261593631885905 0.4958370975635905 0.8452273555614095 0.4958370975635905 0.8452273555614095 0.5149050899364095 0.8261593631885905 0.5149050899364095
0 0.344904555369864 0.496027602244864 0.367497788380136 0.496027602244864 0.367497788380136 0.518620835255136 0.344904555369864 0.518620835255136
0 0.5347382333964885 0.4929901865214885 0.5609648916035115 0.4929901865214885 0.5609648916035115 0.5192168447285115 0.5347382333964885 0.5192168447285115
0 0.21099743970385848 0.4920032990788585 0.23480334154614152 0.4920032990788585 0.23480334154614152 0.5158092009211415 0.21099743970385848 0.5158092009211415
0 0.4044916624815731 0.4884760374815731 0.4226567750184269 0.4884760374815731 0.4226567750184269 0.5066411500184269 0.4044916624815731 0.5066411500184269
0 0.6983764720328168 0.48988037828281683 0.7191039967171832 0.48988037828281683 0.7191039967171832 0.5106079029671832 0.6983764720328168 0.5106079029671832
0 0.5923752955400969 0.48983623304009694 0.6180739232099031 0.48983623304009694 0.6180739232099031 0.5155348607099031 0.5923752955400969 0.5155348607099031
0 0.7594508877337108 0.4862575283587108 0.7840061435162892 0.4862575283587108 0.7840061435162892 0.5108127841412892 0.7594508877337108 0.5108127841412892
0 0.721369399119864 0.486750258494864 0.743962632130136 0.486750258494864 0.743962632130136 0.509343491505136 0.721369399119864 0.509343491505136
0 0.7875953532415053 0.4863258219915053 0.8134788655084947 0.4863258219915053 0.8134788655084947 0.5122093342584947 0.7875953532415053 0.5122093342584947
0 0.5032658140839068 0.48178143908390675 0.5226130921660932 0.48178143908390675 0.5226130921660932 0.5011287171660932 0.5032658140839068 0.5011287171660932
0 0.6267063309860085 0.4829075028610085 0.6491725752639915 0.4829075028610085 0.6491725752639915 0.5053737471389915 0.6267063309860085 0.5053737471389915
0 0.3815124659942378 0.4806335597442378 0.4041320652557622 0.4806335597442378 0.4041320652557622 0.5032531590057622 0.3815124659942378 0.5032531590057622
0 0.5380591773480984 0.4745826148480984 0.5581322289019016 0.4745826148480984 0.5581322289019016 0.4946556664019016 0.5380591773480984 0.4946556664019016
0 0.7432382437378072 0.4768808218628072 0.7616445687621928 0.4768808218628072 0.7616445687621928 0.4952871468871928 0.7432382437378072 0.4952871468871928
0 0.42880420436722944 0.47592334499222944 0.45107860813277056 0.47592334499222944 0.45107860813277056 0.49819774875777056 0.42880420436722944 0.49819774875777056
0 0.8125479630899604 0.4753897599649604 0.8373543806600396 0.4753897599649604 0.8373543806600396 0.5001961775350396 0.8125479630899604 0.5001961775350396
0 0.6899957943470517 0.4685602474720517 0.7118596744029483 0.4685602474720517 0.7118596744029483 0.4904241275279483 0.6899957943470517 0.4904241275279483
0 0.5720803905705902 0.47393585932059024 0.5983297656794098 0.47393585932059024 0.5983297656794098 0.5001852344294098 0.5720803905705902 0.5001852344294098
0 0.3581516434860085 0.4721653153610085 0.3806178877639915 0.4721653153610085 0.3806178877639915 0.4946315596389915 0.3581516434860085 0.4946315596389915
0 0.25241176211266086 0.47213832461266086 0.27053745663733914 0.47213832461266086 0.27053745663733914 0.49026401913733914 0.25241176211266086 0.49026401913733914
0 0.3551314865815604 0.4710982834565604 0.3782669509184396 0.4710982834565604 0.3782669509184396 0.4942337477934396 0.3551314865815604 0.4942337477934396
0 0.7909833749190058 0.46798532804400583 0.8076494375809942 0.46798532804400583 0.8076494375809942 0.48465139070599417 0.7909833749190058 0.48465139070599417
0 0.6625743048444174 0.46823836734441737 0.6855702264055826 0.46823836734441737 0.6855702264055826 0.49123428890558263 0.6625743048444174 0.49123428890558263
0 0.4859546971444025 0.4652027440194025 0.5086742091055975 0.4652027440194025 0.5086742091055975 0.4879222559805975 0.4859546971444025 0.4879222559805975
0 0.7125992442614757 0.46357580676147575 0.7366195057385243 0.46357580676147575 0.7366195057385243 0.48759606823852425 0.7125992442614757 0.48759606823852425
0 0.22325685972011308 0.4647119378451131 0.2523290777798869 0.4647119378451131 0.2523290777798869 0.4937841559048869 0.22325685972011308 0.4937841559048869
0 0.5165609427941481 0.46382656779414816 0.5400796822058519 0.46382656779414816 0.5400796822058519 0.48734530720585184 0.5165609427941481 0.48734530720585184
0 0.7661612443399604 0.4617178849649604 0.7909676619100396 0.4617178849649604 0.7909676619100396 0.4865243025350396 0.7661612443399604 0.4865243025350396
0 0.3786920415919434 0.4555963384669434 0.4025579584080566 0.4555963384669434 0.4025579584080566 0.4794622552830566 0.3786920415919434 0.4794622552830566
0 0.5498888069086116 0.4563829475336116 0.5668104118413884 0.4563829475336116 0.5668104118413884 0.4733045524663884 0.5498888069086116 0.4733045524663884
0 0.5033930287738282 0.44846138814882813 0.5249272837261718 0.44846138814882813 0.5249272837261718 0.46999564310117187 0.5033930287738282 0.46999564310117187
0 0.4440382035844827 0.4572217973344827 0.4685594526655173 0.4572217973344827 0.4685594526655173 0.4817430464155173 0.4440382035844827 0.4817430464155173
0 0.8896447392484281 0.45458614549842813 0.9057654170015719 0.45458614549842813 0.9057654170015719 0.47070682325157187 0.8896447392484281 0.47070682325157187
0 0.4111702395099416 0.4546272707599416 0.4350211667400584 0.4546272707599416 0.4350211667400584 0.4784781979900584 0.4111702395099416 0.4784781979900584
0 0.6385504212199564 0.4539801087199565 0.6627191100300436 0.4539801087199565 0.6627191100300436 0.4781487975300435 0.6385504212199564 0.4781487975300435
0 0.6022229765312714 0.4540296171562714 0.6155504609687286 0.4540296171562714 0.6155504609687286 0.4673571015937286 0.6022229765312714 0.4673571015937286
0 0.736029864204497 0.45209431732949706 0.758110760795503 0.45209431732949706 0.758110760795503 0.47417521392050294 0.736029864204497 0.47417521392050294
0 0.6156248947674607 0.44741200414246074 0.6382813552325393 0.44741200414246074 0.6382813552325393 0.47006846460753926 0.6156248947674607 0.47006846460753926
0 0.5776342775878418 0.4484838869628418 0.6020532224121582 0.4484838869628418 0.6020532224121582 0.4729028317871582 0.5776342775878418 0.4729028317871582
0 0.4649560784701131 0.4427392815951131 0.4940282965298869 0.4427392815951131 0.4940282965298869 0.4718114996548869 0.4649560784701131 0.4718114996548869
0 0.8908805931110008 0.43897629623600076 0.9064826881389992 0.43897629623600076 0.9064826881389992 0.45457839126399924 0.8908805931110008 0.45457839126399924
0 0.811154647995818 0.437863632370818 0.828493789504182 0.437863632370818 0.828493789504182 0.455202773879182 0.811154647995818 0.455202773879182
0 0.3972106952655325 0.4377380390155325 0.4167541484844675 0.4377380390155325 0.4167541484844675 0.4572814922344675 0.3972106952655325 0.4572814922344675
0 0.7097648374723596 0.4343742124723597 0.7370125062776404 0.4343742124723597 0.7370125062776404 0.4616218812776403 0.7097648374723596 0.4616218812776403
0 0.661310805369864 0.434992445994864 0.683904038380136 0.434992445994864 0.683904038380136 0.457585679005136 0.661310805369864 0.457585679005136
0 0.4357810548483992 0.4330955079733992 0.4597267576516008 0.4330955079733992 0.4597267576516008 0.4570412107766008 0.4357810548483992 0.4570412107766008
0 0.6852659352871892 0.43160382591218915 0.7112184397128108 0.43160382591218915 0.7112184397128108 0.45755633033781085 0.6852659352871892 0.45755633033781085
0 0.6281038491322787 0.4298616616322787 0.6443570883677213 0.4298616616322787 0.6443570883677213 0.4461149008677213 0.6281038491322787 0.4461149008677213
0 0.5165591832220555 0.42964512072205546 0.5391048792779445 0.42964512072205546 0.5391048792779445 0.45219081677794454 0.5165591832220555 0.45219081677794454
0 0.5739829355776462 0.4262778574526462 0.5954506581723538 0.4262778574526462 0.5954506581723538 0.4477455800473538 0.5739829355776462 0.4477455800473538
0 0.4853755616607679 0.4260493897857679 0.5126713133392321 0.4260493897857679 0.5126713133392321 0.4533451414642321 0.4853755616607679 0.4533451414642321
0 0.41694289655956585 0.42499953718456585 0.43754929094043415 0.42499953718456585 0.43754929094043415 0.44560593156543415 0.41694289655956585 0.44560593156543415
0 0.5988694817654968 0.4240647942654968 0.6228102057345032 0.4240647942654968 0.6228102057345032 0.4480055182345032 0.5988694817654968 0.4480055182345032
0 0.5455946560036669 0.42230364037866686 0.5696397189963331 0.42230364037866686 0.5696397189963331 0.44634870337133314 0.5455946560036669 0.44634870337133314
0 0.44942140975090744 0.41109133162590744 0.47245359024909256 0.41109133162590744 0.47245359024909256 0.43412351212409256 0.44942140975090744 0.43412351212409256
0 0.38083443502382813 0.41476998189882813 0.40236868997617187 0.41476998189882813 0.40236868997617187 0.43630423685117187 0.38083443502382813 0.43630423685117187
0 0.6696538763949061 0.41159723576990614 0.6921625298550939 0.41159723576990614 0.6921625298550939 0.43410588923009386 0.6696538763949061 0.43410588923009386
0 0.7047238984229562 0.4090696015479563 0.7308229765770438 0.4090696015479563 0.7308229765770438 0.4351686797020437 0.7047238984229562 0.4351686797020437
0 0.5111683492616946 0.4052113180116946 0.5352183694883054 0.4052113180116946 0.5352183694883054 0.4292613382383054 0.5111683492616946 0.4292613382383054
0 0.17292952652937424 0.40486312027937427 0.19425797347062576 0.40486312027937427 0.19425797347062576 0.42619156722062573 0.17292952652937424 0.42619156722062573
0 0.4732553476866603 0.4036752695616603 0.4984243398133397 0.4036752695616603 0.4984243398133397 0.4288442616883397 0.4732553476866603 0.4288442616883397
0 0.3609822786396033 0.3988240755146033 0.3821817838603967 0.3988240755146033 0.3821817838603967 0.4200235807353967 0.3609822786396033 0.4200235807353967
0 0.42281094279414816 0.39937344279414816 0.44632968220585184 0.39937344279414816 0.44632968220585184 0.42289218220585184 0.42281094279414816 0.42289218220585184
0 0.39694879826990614 0.39816950139490614 0.41945745173009386 0.39816950139490614 0.41945745173009386 0.42067815485509386 0.39694879826990614 0.42067815485509386
0 0.6723429713970741 0.39695234639707405 0.6841023411029259 0.39695234639707405 0.6841023411029259 0.40871171610292595 0.6723429713970741 0.40871171610292595
0 0.6482111748375764 0.3955256279625764 0.6716130439124236 0.3955256279625764 0.6716130439124236 0.4189274970374236 0.6482111748375764 0.4189274970374236
0 0.308004521131764 0.393209599256764 0.334085322618236 0.393209599256764 0.334085322618236 0.419290400743236 0.308004521131764 0.419290400743236
0 0.49560177049842813 0.39403927049842813 0.5117224482515719 0.39403927049842813 0.5117224482515719 0.41015994825157187 0.49560177049842813 0.41015994825157187
0 0.566600820199594 0.39057542957459407 0.595508554800406 0.39057542957459407 0.595508554800406 0.41948316417540593 0.566600820199594 0.41948316417540593
0 0.6953014084250267 0.38914906467502675 0.7168079665749733 0.38914906467502675 0.7168079665749733 0.41065562282497325 0.6953014084250267 0.41065562282497325
0 0.4134451476941046 0.3851248351941046 0.4283517273058954 0.3851248351941046 0.4283517273058954 0.4000314148058954 0.4134451476941046 0.4000314148058954
0 0.15859199057071557 0.38564277182071555 0.18027519692928443 0.38564277182071555 0.18027519692928443 0.40732597817928445 0.15859199057071557 0.40732597817928445
0 0.4423274401645663 0.3793391589145663 0.4692936535854337 0.3793391589145663 0.4692936535854337 0.4063053723354337 0.4423274401645663 0.4063053723354337
0 0.6552161900543829 0.376407596304383 0.6719322474456171 0.376407596304383 0.6719322474456171 0.393123653695617 0.6552161900543829 0.393123653695617
0 0.35178170064882813 0.37595162252382813 0.37331595560117187 0.37595162252382813 0.37331595560117187 0.39748587747617187 0.35178170064882813 0.39748587747617187
0 0.18064373312208012 0.3737589674970801 0.20705157937791988 0.3737589674970801 0.20705157937791988 0.4001668137529199 0.18064373312208012 0.4001668137529199
0 0.544449427187342 0.375259974062342 0.570784947812658 0.375259974062342 0.570784947812658 0.401595494687658 0.544449427187342 0.401595494687658
0 0.2875300474387971 0.3739558286887971 0.3096379213112029 0.3739558286887971 0.3096379213112029 0.3960637025612029 0.2875300474387971 0.3960637025612029
0 0.5133392475237633 0.37295838814876325 0.5403716899762367 0.37295838814876325 0.5403716899762367 0.39999083060123675 0.5133392475237633 0.39999083060123675
0 0.6749694972442378 0.3727234034942378 0.6975890965057622 0.3727234034942378 0.6975890965057622 0.3953430027557622 0.6749694972442378 0.3953430027557622
0 0.6181923924811576 0.3728310643561577 0.6518271387688424 0.3728310643561577 0.6518271387688424 0.4064658106438423 0.6181923924811576 0.4064658106438423
0 0.5843486984027003 0.3712139327777003 0.6080341140972997 0.3712139327777003 0.6080341140972997 0.3948993484722997 0.5843486984027003 0.3948993484722997
0 0.48798298920449706 0.36859822357949706 0.510063885795503 0.36859822357949706 0.510063885795503 0.39067912017050294 0.48798298920449706 0.39067912017050294
0 0.3132061207625189 0.3669170582625189 0.3381610667374811 0.3669170582625189 0.3381610667374811 0.3918720042374811 0.3132061207625189 0.3918720042374811
0 0.3814292637791247 0.3628745762791247 0.4105629237208753 0.3628745762791247 0.4105629237208753 0.3920082362208753 0.3814292637791247 0.3920082362208753
0 0.787822542595381 0.360576448845381 0.806415738654619 0.360576448845381 0.806415738654619 0.379169644904619 0.787822542595381 0.379169644904619
0 0.421890833437342 0.360611536562342 0.448226354062658 0.360611536562342 0.448226354062658 0.386947057187658 0.421890833437342 0.386947057187658
0 0.26920792039920194 0.36027237352420194 0.29036239210079806 0.36027237352420194 0.29036239210079806 0.38142684522579806 0.26920792039920194 0.38142684522579806
0 0.19562028309038487 0.35528825184038487 0.21990706065961513 0.35528825184038487 0.21990706065961513 0.37957502940961513 0.19562028309038487 0.37957502940961513
0 0.608822840752345 0.353695887627345 0.628481846747655 0.353695887627345 0.628481846747655 0.373354893622655 0.608822840752345 0.373354893622655
0 0.6350969168527589 0.35213793247775893 0.6568952706472411 0.35213793247775893 0.6568952706472411 0.37393628627224107 0.6350969168527589 0.37393628627224107
0 0.2899569557116238 0.3509921119616238 0.3081875755383762 0.3509921119616238 0.3081875755383762 0.3692227317883762 0.2899569557116238 0.3692227317883762
0 0.6870093254444757 0.34911870044447574 0.7119164558055243 0.34911870044447574 0.7119164558055243 0.37402583080552426 0.6870093254444757 0.37402583080552426
0 0.4031359578484219 0.3489367390984219 0.4240124796515781 0.3489367390984219 0.4240124796515781 0.3698132609015781 0.4031359578484219 0.3698132609015781
0 0.6592112926794627 0.3425609020544626 0.6874683948205373 0.3425609020544626 0.6874683948205373 0.3708180041955374 0.6592112926794627 0.3708180041955374
0 0.20858440631269967 0.3304105781876997 0.23819293743730033 0.3304105781876997 0.23819293743730033 0.3600191093123003 0.20858440631269967 0.3600191093123003
0 0.4879827218780561 0.3378362375030561 0.515435246871944 0.3378362375030561 0.515435246871944 0.3652887624969439 0.4879827218780561 0.3652887624969439
0 0.3478929192654968 0.3405687005154968 0.3718336432345032 0.3405687005154968 0.3718336432345032 0.3645094244845032 0.3478929192654968 0.3645094244845032
0 0.3193139845836248 0.3386010939586248 0.3437719529163752 0.3386010939586248 0.3437719529163752 0.3630590622913752 0.3193139845836248 0.3630590622913752
0 0.5861052816302075 0.33634942225520753 0.6111603433697925 0.33634942225520753 0.6111603433697925 0.36140448399479247 0.5861052816302075 0.36140448399479247
0 0.4562777181219674 0.3383577962469674 0.4817105631280326 0.3383577962469674 0.4817105631280326 0.3637906412530326 0.4562777181219674 0.3637906412530326
0 0.6186496314112042 0.3320285376612042 0.6406277123387958 0.3320285376612042 0.6406277123387958 0.3540066185887958 0.6186496314112042 0.3540066185887958
0 0.38427734375 0.32666015625 0.39892578125 0.32666015625 0.39892578125 0.34130859375 0.38427734375 0.34130859375
0 0.6411033204733992 0.3268943360983992 0.6650490232766008 0.3268943360983992 0.6650490232766008 0.3508400389016008 0.6411033204733992 0.3508400389016008
0 0.4750282540899751 0.3275673165899751 0.4888389334100249 0.3275673165899751 0.4888389334100249 0.3413779959100249 0.4750282540899751 0.3413779959100249
0 0.6662030193076998 0.3248944255576997 0.6809649494423002 0.3248944255576997 0.6809649494423002 0.3396563556923003 0.6662030193076998 0.3396563556923003
0 0.32415910912866686 0.31561418725366686 0.34820417212133314 0.31561418725366686 0.34820417212133314 0.33965925024633314 0.32415910912866686 0.33965925024633314
0 0.58471171171529 0.3142038992152901 0.60815938203471 0.3142038992152901 0.60815938203471 0.3376515695347099 0.58471171171529 0.3376515695347099
0 0.44804579796723476 0.31938368859223476 0.46796982703276524 0.31938368859223476 0.46796982703276524 0.33930771765776524 0.44804579796723476 0.33930771765776524
0 0.7073437454280792 0.3159863235530792 0.7282031295719208 0.3159863235530792 0.7282031295719208 0.3368457076969208 0.7073437454280792 0.3368457076969208
0 0.5327641876746456 0.31499075017464556 0.5604975310753544 0.31499075017464556 0.5604975310753544 0.34272409357535444 0.5327641876746456 0.34272409357535444
0 0.3678624653652376 0.3143956684902376 0.3855555033847624 0.3143956684902376 0.3855555033847624 0.3320887065097624 0.3678624653652376 0.3320887065097624
0 0.48541020123412154 0.31426762310912154 0.5087304237658785 0.31426762310912154 0.5087304237658785 0.33758784564087846 0.48541020123412154 0.33758784564087846
0 0.6091200140336375 0.31053602965863747 0.6311143609663625 0.31053602965863747 0.6311143609663625 0.33253037659136253 0.6091200140336375 0.33253037659136253
0 0.5591644615692486 0.30550235219424854 0.5843902259307514 0.30550235219424854 0.5843902259307514 0.33072811655575146 0.5591644615692486 0.33072811655575146
0 0.5074184688471055 0.3067348750971055 0.5326205936528945 0.3067348750971055 0.5326205936528945 0.3319369999028945 0.5074184688471055 0.3319369999028945
0 0.3463418257779268 0.3060586226529268 0.3699667679720732 0.3060586226529268 0.3699667679720732 0.3296835648470732 0.3463418257779268 0.3296835648470732
0 0.6331742144819172 0.30504921448191724 0.6563765667680828 0.30504921448191724 0.6563765667680828 0.32825156676808276 0.6331742144819172 0.32825156676808276
0 0.4633064125093892 0.3043708656343892 0.4864006187406108 0.3043708656343892 0.4864006187406108 0.3274650718656108 0.4633064125093892 0.3274650718656108
0 0.675472650763695 0.303402338263695 0.700503911736305 0.303402338263695 0.700503911736305 0.328433599236305 0.675472650763695 0.328433599236305
0 0.4862198997915776 0.2962784935415776 0.5045027564584224 0.2962784935415776 0.5045027564584224 0.3145613502084224 0.4862198997915776 0.3145613502084224
0 0.38514027406188545 0.29822621156188545 0.41515269468811455 0.29822621156188545 0.41515269468811455 0.32823863218811455 0.38514027406188545 0.32823863218811455
0 0.44329462666201513 0.29534540791201513 0.46637334208798487 0.29534540791201513 0.46637334208798487 0.31842412333798487 0.44329462666201513 0.31842412333798487
0 0.7002320025170062 0.29398200251700624 0.7196898724829938 0.29398200251700624 0.7196898724829938 0.31343987248299376 0.7002320025170062 0.31343987248299376
0 0.5336270761859514 0.2877774668109514 0.5596346425640486 0.2877774668109514 0.5596346425640486 0.3137850331890486 0.5336270761859514 0.3137850331890486
0 0.6152218631885905 0.2902706913135905 0.6342898555614095 0.2902706913135905 0.6342898555614095 0.3093386836864095 0.6152218631885905 0.3093386836864095
0 0.58447265625 0.28759765625 0.61376953125 0.28759765625 0.61376953125 0.31689453125 0.58447265625 0.31689453125
0 0.36605254727802106 0.28768340665302106 0.39029510897197894 0.28768340665302106 0.39029510897197894 0.31192596834697894 0.36605254727802106 0.31192596834697894
0 0.653659231994174 0.2884248569941739 0.679348580505826 0.2884248569941739 0.679348580505826 0.3141142055058261 0.653659231994174 0.3141142055058261
0 0.6329446193081304 0.28553250993313045 0.6522116306918696 0.28553250993313045 0.6522116306918696 0.30479952131686955 0.6329446193081304 0.30479952131686955
0 0.4003186796562714 0.2848401640312714 0.4136461640937286 0.2848401640312714 0.4136461640937286 0.2981676484687286 0.4003186796562714 0.2981676484687286
0 0.5162134052103454 0.2825708270853455 0.5345678447896546 0.2825708270853455 0.5345678447896546 0.3009252666646545 0.5162134052103454 0.3009252666646545
0 0.5608912655625428 0.2806178280625428 0.5875462344374572 0.2806178280625428 0.5875462344374572 0.3072727969374572 0.5608912655625428 0.3072727969374572
0 0.4652260339593443 0.2791908777093443 0.4883872472906557 0.2791908777093443 0.4883872472906557 0.3023520910406557 0.4652260339593443 0.3023520910406557
0 0.44147796267722283 0.27424163455222283 0.46135406857277717 0.27424163455222283 0.46135406857277717 0.29411774044777717 0.44147796267722283 0.29411774044777717
0 0.495175481924892 0.274472356924892 0.515566705575108 0.274472356924892 0.515566705575108 0.294863580575108 0.495175481924892 0.294863580575108
0 0.6751935530707156 0.27284980307071555 0.6968767594292844 0.27284980307071555 0.6968767594292844 0.29453300942928445 0.6751935530707156 0.29453300942928445
0 0.5285118193037459 0.2694786161787459 0.5466834931962541 0.2694786161787459 0.5466834931962541 0.2876502900712541 0.5285118193037459 0.2876502900712541
0 0.3854488049597598 0.2624019299597598 0.4084965075402402 0.2624019299597598 0.4084965075402402 0.2854496325402402 0.3854488049597598 0.2854496325402402
0 0.35423542453740237 0.25950886203740237 0.38258098171259763 0.25950886203740237 0.38258098171259763 0.28785441921259763 0.35423542453740237 0.28785441921259763
0 0.6089768580400969 0.25936748304009694 0.6346754857099031 0.25936748304009694 0.6346754857099031 0.28506611070990306 0.6089768580400969 0.28506611070990306
0 0.6339296241951291 0.2599061866951291 0.6605039695548709 0.2599061866951291 0.6605039695548709 0.2864805320548709 0.6339296241951291 0.2864805320548709
0 0.5793239222047069 0.26047626595470685 0.6067112340452931 0.26047626595470685 0.6067112340452931 0.28786357779529315 0.5793239222047069 0.28786357779529315
0 0.6956833277754267 0.2586716090254267 0.7247268284745733 0.2586716090254267 0.7247268284745733 0.2877151097245733 0.6956833277754267 0.2877151097245733
0 0.40910895467680014 0.25725348592680014 0.43024651407319986 0.25725348592680014 0.43024651407319986 0.27839104532319986 0.40910895467680014 0.27839104532319986
0 0.47778901764559795 0.25610933014559795 0.49828520110440205 0.25610933014559795 0.49828520110440205 0.27660551360440205 0.47778901764559795 0.27660551360440205
0 0.5076555106027589 0.25399340122775893 0.5294538643972411 0.25399340122775893 0.5294538643972411 0.27579175502224107 0.5076555106027589 0.27579175502224107
0 0.7198443179656836 0.24767634921568366 0.7440228695343164 0.24767634921568366 0.7440228695343164 0.27185490078431634 0.7198443179656836 0.27185490078431634
0 0.5382808758436151 0.24457970396861506 0.5637699054063849 0.24457970396861506 0.5637699054063849 0.27006873353138494 0.5382808758436151 0.27006873353138494
0 0.4958000632281565 0.24433521947815653 0.5090827492718435 0.24433521947815653 0.5090827492718435 0.2576179055218435 0.4958000632281565 0.2576179055218435
0 0.5943851958370936 0.2425785552120936 0.6165523041629064 0.2425785552120936 0.6165523041629064 0.2647456635379064 0.5943851958370936 0.2647456635379064
0 0.7401983691139433 0.2404425097389433 0.7617547558860567 0.2404425097389433 0.7617547558860567 0.2619988965110567 0.7401983691139433 0.2619988965110567
0 0.3629336858384967 0.2391543889634967 0.3860897516615033 0.2391543889634967 0.3860897516615033 0.2623104547865033 0.3629336858384967 0.2623104547865033
0 0.6142482420359621 0.23558613266096207 0.6391697267140379 0.23558613266096207 0.6391697267140379 0.26050761733903793 0.6142482420359621 0.26050761733903793
0 0.5653541213504754 0.23674084010047533 0.5938255661495246 0.23674084010047533 0.5938255661495246 0.26521228489952464 0.5653541213504754 0.26521228489952464
0 0.41375632133232976 0.23211569633232973 0.43975930366767024 0.23211569633232973 0.43975930366767024 0.25811867866767024 0.41375632133232976 0.25811867866767024
0 0.491157875219176 0.22455631271917598 0.510306968530824 0.22455631271917598 0.510306968530824 0.24370540603082402 0.491157875219176 0.24370540603082402
0 0.46666285537701335 0.22911402725201332 0.49036839462298665 0.22911402725201332 0.49036839462298665 0.25281956649798665 0.46666285537701335 0.25281956649798665
0 0.2831219944265565 0.23038761942655653 0.3096514430734435 0.23038761942655653 0.3096514430734435 0.2569170680734435 0.2831219944265565 0.2569170680734435
0 0.5559119030749655 0.22729862182496552 0.5720177844250345 0.22729862182496552 0.5720177844250345 0.24340450317503448 0.5559119030749655 0.24340450317503448
0 0.5870782383316715 0.2240411289566715 0.6057928554183285 0.2240411289566715 0.6057928554183285 0.2427557460433285 0.5870782383316715 0.2427557460433285
0 0.3277480237372155 0.2217909924872155 0.3485215075127845 0.2217909924872155 0.3485215075127845 0.2425644762627845 0.3277480237372155 0.2425644762627845
0 0.34891266579986496 0.21927399392486496 0.36055999045013504 0.21927399392486496 0.36055999045013504 0.23092131857513504 0.34891266579986496 0.23092131857513504
0 0.39791957461266086 0.21823207461266084 0.41604526913733914 0.21823207461266084 0.41604526913733914 0.23635776913733916 0.39791957461266086 0.23635776913733916
0 0.6083607231892784 0.21749158256427834 0.6289439643107216 0.21749158256427834 0.6289439643107216 0.23807482368572166 0.6083607231892784 0.23807482368572166
0 0.526871302187342 0.218033411562342 0.553206822812658 0.218033411562342 0.553206822812658 0.244368932187658 0.526871302187342 0.244368932187658
0 0.4909918699517692 0.2036383543267692 0.5099846925482309 0.2036383543267692 0.5099846925482309 0.2226311769232308 0.4909918699517692 0.2226311769232308
0 0.4134922886879453 0.2010899449379453 0.4375819300620547 0.2010899449379453 0.4375819300620547 0.2251795863120547 0.4134922886879453 0.2251795863120547
0 0.5192179737180251 0.19670820809302514 0.5408406200319749 0.19670820809302514 0.5408406200319749 0.21833085440697486 0.5192179737180251 0.21833085440697486
0 0.47287296332024825 0.19089054144524825 0.49245906792975175 0.19089054144524825 0.49245906792975175 0.21047664605475175 0.47287296332024825 0.21047664605475175
0 0.7051614664619437 0.1858743570869437 0.7186666585380563 0.1858743570869437 0.7186666585380563 0.1993795491630563 0.7051614664619437 0.1993795491630563
0 0.49486169763182086 0.18016443200682086 0.5158804898681791 0.18016443200682086 0.5158804898681791 0.20118322424317914 0.49486169763182086 0.20118322424317914
0 0.33003749125342646 0.17818202250342643 0.35941563374657354 0.17818202250342643 0.35941563374657354 0.20756016499657357 0.33003749125342646 0.20756016499657357
0 0.43000631778239334 0.17780905215739337 0.45866555721760666 0.17780905215739337 0.45866555721760666 0.20646829159260663 0.43000631778239334 0.20646829159260663
0 0.4557807478782437 0.17160106037824369 0.4778130021217563 0.17160106037824369 0.4778130021217563 0.19363331462175631 0.4557807478782437 0.19363331462175631
0 0.5179788297734237 0.16885773602342366 0.5425680452265763 0.16885773602342366 0.5425680452265763 0.19344695147657634 0.5179788297734237 0.19344695147657634
0 0.4415072684452472 0.1644076590702472 0.4549771065547528 0.1644076590702472 0.4549771065547528 0.1778774971797528 0.4415072684452472 0.1778774971797528
0 0.350544186818814 0.16231176494381397 0.367717531931186 0.16231176494381397 0.367717531931186 0.17948511005618603 0.350544186818814 0.17948511005618603
0 0.47625747604843643 0.1596070854234364 0.5007933052015636 0.1596070854234364 0.5007933052015636 0.1841429145765636 0.47625747604843643 0.1841429145765636
0 0.4733464868547406 0.13008476810474065 0.4988214818952594 0.13008476810474065 0.4988214818952594 0.15555976314525935 0.4733464868547406 0.15555976314525935
0 0.5326945163279577 0.1293742038279577 0.5561726711720423 0.1293742038279577 0.5561726711720423 0.1528523586720423 0.5326945163279577 0.1528523586720423
0 0.48538429909818026 0.10769875222318025 0.5126625759018197 0.10769875222318025 0.5126625759018197 0.13497702902681974 0.48538429909818026 0.13497702902681974
0 0.5311522258083572 0.1087889445583572 0.5513673054416428 0.1087889445583572 0.5513673054416428 0.1290040241916428 0.5311522258083572 0.1290040241916428
0 0.3777152886159249 0.08230513236592492 0.3957222113840751 0.08230513236592492 0.3957222113840751 0.10031205513407508 0.3777152886159249 0.10031205513407508
